0, 1, 2, 3, 4, 5, 6, 7, 8, 9, 10, 11, 12, 13, 14, 15, 16, 17, 18, 19, 20, 21, 22, 23, 24, 25, 26, 27, 28, 29, 30, 31, 32;
1;
32;
0, 0 -> 0, 0;
1, 0 -> 1, 0;
2, 0 -> 2, 0;
3, 0 -> 3, 0;
4, 0 -> 4, 0;
5, 0 -> 5, 0;
6, 0 -> 6, 0;
7, 0 -> 7, 0;
8, 0 -> 8, 0;
9, 0 -> 9, 0;
10, 0 -> 10, 0;
11, 0 -> 11, 0;
12, 0 -> 12, 0;
13, 0 -> 13, 0;
14, 0 -> 14, 0;
15, 0 -> 15, 0;
16, 0 -> 16, 0;
17, 0 -> 17, 0;
18, 0 -> 18, 0;
19, 0 -> 19, 0;
20, 0 -> 20, 0;
21, 0 -> 21, 0;
22, 0 -> 22, 0;
23, 0 -> 23, 0;
24, 0 -> 24, 0;
25, 0 -> 25, 0;
26, 0 -> 26, 0;
27, 0 -> 27, 0;
28, 0 -> 28, 0;
29, 0 -> 29, 0;
30, 0 -> 30, 0;
31, 0 -> 31, 0;
0, 32 -> 32, 32;
1, 1 -> 2, 0;
2, 1 -> 3, 0;
3, 1 -> 4, 0;
4, 1 -> 5, 0;
5, 1 -> 6, 0;
6, 1 -> 7, 0;
7, 1 -> 8, 0;
8, 1 -> 9, 0;
9, 1 -> 10, 0;
10, 1 -> 11, 0;
11, 1 -> 12, 0;
12, 1 -> 13, 0;
13, 1 -> 14, 0;
14, 1 -> 15, 0;
15, 1 -> 16, 0;
16, 1 -> 17, 0;
17, 1 -> 18, 0;
18, 1 -> 19, 0;
19, 1 -> 20, 0;
20, 1 -> 21, 0;
21, 1 -> 22, 0;
22, 1 -> 23, 0;
23, 1 -> 24, 0;
24, 1 -> 25, 0;
25, 1 -> 26, 0;
26, 1 -> 27, 0;
27, 1 -> 28, 0;
28, 1 -> 29, 0;
29, 1 -> 30, 0;
30, 1 -> 31, 0;
1, 31 -> 32, 32;
1, 32 -> 32, 32;
2, 2 -> 4, 0;
3, 2 -> 5, 0;
4, 2 -> 6, 0;
5, 2 -> 7, 0;
6, 2 -> 8, 0;
7, 2 -> 9, 0;
8, 2 -> 10, 0;
9, 2 -> 11, 0;
10, 2 -> 12, 0;
11, 2 -> 13, 0;
12, 2 -> 14, 0;
13, 2 -> 15, 0;
14, 2 -> 16, 0;
15, 2 -> 17, 0;
16, 2 -> 18, 0;
17, 2 -> 19, 0;
18, 2 -> 20, 0;
19, 2 -> 21, 0;
20, 2 -> 22, 0;
21, 2 -> 23, 0;
22, 2 -> 24, 0;
23, 2 -> 25, 0;
24, 2 -> 26, 0;
25, 2 -> 27, 0;
26, 2 -> 28, 0;
27, 2 -> 29, 0;
28, 2 -> 30, 0;
29, 2 -> 31, 0;
2, 30 -> 32, 32;
2, 31 -> 32, 32;
2, 32 -> 32, 32;
3, 3 -> 6, 0;
4, 3 -> 7, 0;
5, 3 -> 8, 0;
6, 3 -> 9, 0;
7, 3 -> 10, 0;
8, 3 -> 11, 0;
9, 3 -> 12, 0;
10, 3 -> 13, 0;
11, 3 -> 14, 0;
12, 3 -> 15, 0;
13, 3 -> 16, 0;
14, 3 -> 17, 0;
15, 3 -> 18, 0;
16, 3 -> 19, 0;
17, 3 -> 20, 0;
18, 3 -> 21, 0;
19, 3 -> 22, 0;
20, 3 -> 23, 0;
21, 3 -> 24, 0;
22, 3 -> 25, 0;
23, 3 -> 26, 0;
24, 3 -> 27, 0;
25, 3 -> 28, 0;
26, 3 -> 29, 0;
27, 3 -> 30, 0;
28, 3 -> 31, 0;
3, 29 -> 32, 32;
3, 30 -> 32, 32;
3, 31 -> 32, 32;
3, 32 -> 32, 32;
4, 4 -> 8, 0;
5, 4 -> 9, 0;
6, 4 -> 10, 0;
7, 4 -> 11, 0;
8, 4 -> 12, 0;
9, 4 -> 13, 0;
10, 4 -> 14, 0;
11, 4 -> 15, 0;
12, 4 -> 16, 0;
13, 4 -> 17, 0;
14, 4 -> 18, 0;
15, 4 -> 19, 0;
16, 4 -> 20, 0;
17, 4 -> 21, 0;
18, 4 -> 22, 0;
19, 4 -> 23, 0;
20, 4 -> 24, 0;
21, 4 -> 25, 0;
22, 4 -> 26, 0;
23, 4 -> 27, 0;
24, 4 -> 28, 0;
25, 4 -> 29, 0;
26, 4 -> 30, 0;
27, 4 -> 31, 0;
4, 28 -> 32, 32;
4, 29 -> 32, 32;
4, 30 -> 32, 32;
4, 31 -> 32, 32;
4, 32 -> 32, 32;
5, 5 -> 10, 0;
6, 5 -> 11, 0;
7, 5 -> 12, 0;
8, 5 -> 13, 0;
9, 5 -> 14, 0;
10, 5 -> 15, 0;
11, 5 -> 16, 0;
12, 5 -> 17, 0;
13, 5 -> 18, 0;
14, 5 -> 19, 0;
15, 5 -> 20, 0;
16, 5 -> 21, 0;
17, 5 -> 22, 0;
18, 5 -> 23, 0;
19, 5 -> 24, 0;
20, 5 -> 25, 0;
21, 5 -> 26, 0;
22, 5 -> 27, 0;
23, 5 -> 28, 0;
24, 5 -> 29, 0;
25, 5 -> 30, 0;
26, 5 -> 31, 0;
5, 27 -> 32, 32;
5, 28 -> 32, 32;
5, 29 -> 32, 32;
5, 30 -> 32, 32;
5, 31 -> 32, 32;
5, 32 -> 32, 32;
6, 6 -> 12, 0;
7, 6 -> 13, 0;
8, 6 -> 14, 0;
9, 6 -> 15, 0;
10, 6 -> 16, 0;
11, 6 -> 17, 0;
12, 6 -> 18, 0;
13, 6 -> 19, 0;
14, 6 -> 20, 0;
15, 6 -> 21, 0;
16, 6 -> 22, 0;
17, 6 -> 23, 0;
18, 6 -> 24, 0;
19, 6 -> 25, 0;
20, 6 -> 26, 0;
21, 6 -> 27, 0;
22, 6 -> 28, 0;
23, 6 -> 29, 0;
24, 6 -> 30, 0;
25, 6 -> 31, 0;
6, 26 -> 32, 32;
6, 27 -> 32, 32;
6, 28 -> 32, 32;
6, 29 -> 32, 32;
6, 30 -> 32, 32;
6, 31 -> 32, 32;
6, 32 -> 32, 32;
7, 7 -> 14, 0;
8, 7 -> 15, 0;
9, 7 -> 16, 0;
10, 7 -> 17, 0;
11, 7 -> 18, 0;
12, 7 -> 19, 0;
13, 7 -> 20, 0;
14, 7 -> 21, 0;
15, 7 -> 22, 0;
16, 7 -> 23, 0;
17, 7 -> 24, 0;
18, 7 -> 25, 0;
19, 7 -> 26, 0;
20, 7 -> 27, 0;
21, 7 -> 28, 0;
22, 7 -> 29, 0;
23, 7 -> 30, 0;
24, 7 -> 31, 0;
7, 25 -> 32, 32;
7, 26 -> 32, 32;
7, 27 -> 32, 32;
7, 28 -> 32, 32;
7, 29 -> 32, 32;
7, 30 -> 32, 32;
7, 31 -> 32, 32;
7, 32 -> 32, 32;
8, 8 -> 16, 0;
9, 8 -> 17, 0;
10, 8 -> 18, 0;
11, 8 -> 19, 0;
12, 8 -> 20, 0;
13, 8 -> 21, 0;
14, 8 -> 22, 0;
15, 8 -> 23, 0;
16, 8 -> 24, 0;
17, 8 -> 25, 0;
18, 8 -> 26, 0;
19, 8 -> 27, 0;
20, 8 -> 28, 0;
21, 8 -> 29, 0;
22, 8 -> 30, 0;
23, 8 -> 31, 0;
8, 24 -> 32, 32;
8, 25 -> 32, 32;
8, 26 -> 32, 32;
8, 27 -> 32, 32;
8, 28 -> 32, 32;
8, 29 -> 32, 32;
8, 30 -> 32, 32;
8, 31 -> 32, 32;
8, 32 -> 32, 32;
9, 9 -> 18, 0;
10, 9 -> 19, 0;
11, 9 -> 20, 0;
12, 9 -> 21, 0;
13, 9 -> 22, 0;
14, 9 -> 23, 0;
15, 9 -> 24, 0;
16, 9 -> 25, 0;
17, 9 -> 26, 0;
18, 9 -> 27, 0;
19, 9 -> 28, 0;
20, 9 -> 29, 0;
21, 9 -> 30, 0;
22, 9 -> 31, 0;
9, 23 -> 32, 32;
9, 24 -> 32, 32;
9, 25 -> 32, 32;
9, 26 -> 32, 32;
9, 27 -> 32, 32;
9, 28 -> 32, 32;
9, 29 -> 32, 32;
9, 30 -> 32, 32;
9, 31 -> 32, 32;
9, 32 -> 32, 32;
10, 10 -> 20, 0;
11, 10 -> 21, 0;
12, 10 -> 22, 0;
13, 10 -> 23, 0;
14, 10 -> 24, 0;
15, 10 -> 25, 0;
16, 10 -> 26, 0;
17, 10 -> 27, 0;
18, 10 -> 28, 0;
19, 10 -> 29, 0;
20, 10 -> 30, 0;
21, 10 -> 31, 0;
10, 22 -> 32, 32;
10, 23 -> 32, 32;
10, 24 -> 32, 32;
10, 25 -> 32, 32;
10, 26 -> 32, 32;
10, 27 -> 32, 32;
10, 28 -> 32, 32;
10, 29 -> 32, 32;
10, 30 -> 32, 32;
10, 31 -> 32, 32;
10, 32 -> 32, 32;
11, 11 -> 22, 0;
12, 11 -> 23, 0;
13, 11 -> 24, 0;
14, 11 -> 25, 0;
15, 11 -> 26, 0;
16, 11 -> 27, 0;
17, 11 -> 28, 0;
18, 11 -> 29, 0;
19, 11 -> 30, 0;
20, 11 -> 31, 0;
11, 21 -> 32, 32;
11, 22 -> 32, 32;
11, 23 -> 32, 32;
11, 24 -> 32, 32;
11, 25 -> 32, 32;
11, 26 -> 32, 32;
11, 27 -> 32, 32;
11, 28 -> 32, 32;
11, 29 -> 32, 32;
11, 30 -> 32, 32;
11, 31 -> 32, 32;
11, 32 -> 32, 32;
12, 12 -> 24, 0;
13, 12 -> 25, 0;
14, 12 -> 26, 0;
15, 12 -> 27, 0;
16, 12 -> 28, 0;
17, 12 -> 29, 0;
18, 12 -> 30, 0;
19, 12 -> 31, 0;
12, 20 -> 32, 32;
12, 21 -> 32, 32;
12, 22 -> 32, 32;
12, 23 -> 32, 32;
12, 24 -> 32, 32;
12, 25 -> 32, 32;
12, 26 -> 32, 32;
12, 27 -> 32, 32;
12, 28 -> 32, 32;
12, 29 -> 32, 32;
12, 30 -> 32, 32;
12, 31 -> 32, 32;
12, 32 -> 32, 32;
13, 13 -> 26, 0;
14, 13 -> 27, 0;
15, 13 -> 28, 0;
16, 13 -> 29, 0;
17, 13 -> 30, 0;
18, 13 -> 31, 0;
13, 19 -> 32, 32;
13, 20 -> 32, 32;
13, 21 -> 32, 32;
13, 22 -> 32, 32;
13, 23 -> 32, 32;
13, 24 -> 32, 32;
13, 25 -> 32, 32;
13, 26 -> 32, 32;
13, 27 -> 32, 32;
13, 28 -> 32, 32;
13, 29 -> 32, 32;
13, 30 -> 32, 32;
13, 31 -> 32, 32;
13, 32 -> 32, 32;
14, 14 -> 28, 0;
15, 14 -> 29, 0;
16, 14 -> 30, 0;
17, 14 -> 31, 0;
14, 18 -> 32, 32;
14, 19 -> 32, 32;
14, 20 -> 32, 32;
14, 21 -> 32, 32;
14, 22 -> 32, 32;
14, 23 -> 32, 32;
14, 24 -> 32, 32;
14, 25 -> 32, 32;
14, 26 -> 32, 32;
14, 27 -> 32, 32;
14, 28 -> 32, 32;
14, 29 -> 32, 32;
14, 30 -> 32, 32;
14, 31 -> 32, 32;
14, 32 -> 32, 32;
15, 15 -> 30, 0;
16, 15 -> 31, 0;
15, 17 -> 32, 32;
15, 18 -> 32, 32;
15, 19 -> 32, 32;
15, 20 -> 32, 32;
15, 21 -> 32, 32;
15, 22 -> 32, 32;
15, 23 -> 32, 32;
15, 24 -> 32, 32;
15, 25 -> 32, 32;
15, 26 -> 32, 32;
15, 27 -> 32, 32;
15, 28 -> 32, 32;
15, 29 -> 32, 32;
15, 30 -> 32, 32;
15, 31 -> 32, 32;
15, 32 -> 32, 32;
16, 16 -> 32, 32;
16, 17 -> 32, 32;
16, 18 -> 32, 32;
16, 19 -> 32, 32;
16, 20 -> 32, 32;
16, 21 -> 32, 32;
16, 22 -> 32, 32;
16, 23 -> 32, 32;
16, 24 -> 32, 32;
16, 25 -> 32, 32;
16, 26 -> 32, 32;
16, 27 -> 32, 32;
16, 28 -> 32, 32;
16, 29 -> 32, 32;
16, 30 -> 32, 32;
16, 31 -> 32, 32;
16, 32 -> 32, 32;
17, 17 -> 32, 32;
17, 18 -> 32, 32;
17, 19 -> 32, 32;
17, 20 -> 32, 32;
17, 21 -> 32, 32;
17, 22 -> 32, 32;
17, 23 -> 32, 32;
17, 24 -> 32, 32;
17, 25 -> 32, 32;
17, 26 -> 32, 32;
17, 27 -> 32, 32;
17, 28 -> 32, 32;
17, 29 -> 32, 32;
17, 30 -> 32, 32;
17, 31 -> 32, 32;
17, 32 -> 32, 32;
18, 18 -> 32, 32;
18, 19 -> 32, 32;
18, 20 -> 32, 32;
18, 21 -> 32, 32;
18, 22 -> 32, 32;
18, 23 -> 32, 32;
18, 24 -> 32, 32;
18, 25 -> 32, 32;
18, 26 -> 32, 32;
18, 27 -> 32, 32;
18, 28 -> 32, 32;
18, 29 -> 32, 32;
18, 30 -> 32, 32;
18, 31 -> 32, 32;
18, 32 -> 32, 32;
19, 19 -> 32, 32;
19, 20 -> 32, 32;
19, 21 -> 32, 32;
19, 22 -> 32, 32;
19, 23 -> 32, 32;
19, 24 -> 32, 32;
19, 25 -> 32, 32;
19, 26 -> 32, 32;
19, 27 -> 32, 32;
19, 28 -> 32, 32;
19, 29 -> 32, 32;
19, 30 -> 32, 32;
19, 31 -> 32, 32;
19, 32 -> 32, 32;
20, 20 -> 32, 32;
20, 21 -> 32, 32;
20, 22 -> 32, 32;
20, 23 -> 32, 32;
20, 24 -> 32, 32;
20, 25 -> 32, 32;
20, 26 -> 32, 32;
20, 27 -> 32, 32;
20, 28 -> 32, 32;
20, 29 -> 32, 32;
20, 30 -> 32, 32;
20, 31 -> 32, 32;
20, 32 -> 32, 32;
21, 21 -> 32, 32;
21, 22 -> 32, 32;
21, 23 -> 32, 32;
21, 24 -> 32, 32;
21, 25 -> 32, 32;
21, 26 -> 32, 32;
21, 27 -> 32, 32;
21, 28 -> 32, 32;
21, 29 -> 32, 32;
21, 30 -> 32, 32;
21, 31 -> 32, 32;
21, 32 -> 32, 32;
22, 22 -> 32, 32;
22, 23 -> 32, 32;
22, 24 -> 32, 32;
22, 25 -> 32, 32;
22, 26 -> 32, 32;
22, 27 -> 32, 32;
22, 28 -> 32, 32;
22, 29 -> 32, 32;
22, 30 -> 32, 32;
22, 31 -> 32, 32;
22, 32 -> 32, 32;
23, 23 -> 32, 32;
23, 24 -> 32, 32;
23, 25 -> 32, 32;
23, 26 -> 32, 32;
23, 27 -> 32, 32;
23, 28 -> 32, 32;
23, 29 -> 32, 32;
23, 30 -> 32, 32;
23, 31 -> 32, 32;
23, 32 -> 32, 32;
24, 24 -> 32, 32;
24, 25 -> 32, 32;
24, 26 -> 32, 32;
24, 27 -> 32, 32;
24, 28 -> 32, 32;
24, 29 -> 32, 32;
24, 30 -> 32, 32;
24, 31 -> 32, 32;
24, 32 -> 32, 32;
25, 25 -> 32, 32;
25, 26 -> 32, 32;
25, 27 -> 32, 32;
25, 28 -> 32, 32;
25, 29 -> 32, 32;
25, 30 -> 32, 32;
25, 31 -> 32, 32;
25, 32 -> 32, 32;
26, 26 -> 32, 32;
26, 27 -> 32, 32;
26, 28 -> 32, 32;
26, 29 -> 32, 32;
26, 30 -> 32, 32;
26, 31 -> 32, 32;
26, 32 -> 32, 32;
27, 27 -> 32, 32;
27, 28 -> 32, 32;
27, 29 -> 32, 32;
27, 30 -> 32, 32;
27, 31 -> 32, 32;
27, 32 -> 32, 32;
28, 28 -> 32, 32;
28, 29 -> 32, 32;
28, 30 -> 32, 32;
28, 31 -> 32, 32;
28, 32 -> 32, 32;
29, 29 -> 32, 32;
29, 30 -> 32, 32;
29, 31 -> 32, 32;
29, 32 -> 32, 32;
30, 30 -> 32, 32;
30, 31 -> 32, 32;
30, 32 -> 32, 32;
31, 31 -> 32, 32;
31, 32 -> 32, 32;
32, 32 -> 32, 32;