0, 1, 2, 3, 4, 5, 6, 7, 8, 9, 10, 11, 12, 13, 14, 15, 16, 17, 18, 19, 20, 21, 22, 23, 24, 25, 26, 27, 28, 29, 30, 31, 32;
1;
32;
0, 0 -> 1, 0;
32, 0 -> 32, 32;
1, 1 -> 2, 1;
32, 1 -> 32, 32;
2, 2 -> 3, 2;
32, 2 -> 32, 32;
3, 3 -> 4, 3;
32, 3 -> 32, 32;
4, 4 -> 5, 4;
32, 4 -> 32, 32;
5, 5 -> 6, 5;
32, 5 -> 32, 32;
6, 6 -> 7, 6;
32, 6 -> 32, 32;
7, 7 -> 8, 7;
32, 7 -> 32, 32;
8, 8 -> 9, 8;
32, 8 -> 32, 32;
9, 9 -> 10, 9;
32, 9 -> 32, 32;
10, 10 -> 11, 10;
32, 10 -> 32, 32;
11, 11 -> 12, 11;
32, 11 -> 32, 32;
12, 12 -> 13, 12;
32, 12 -> 32, 32;
13, 13 -> 14, 13;
32, 13 -> 32, 32;
14, 14 -> 15, 14;
32, 14 -> 32, 32;
15, 15 -> 16, 15;
32, 15 -> 32, 32;
16, 16 -> 17, 16;
32, 16 -> 32, 32;
17, 17 -> 18, 17;
32, 17 -> 32, 32;
18, 18 -> 19, 18;
32, 18 -> 32, 32;
19, 19 -> 20, 19;
32, 19 -> 32, 32;
20, 20 -> 21, 20;
32, 20 -> 32, 32;
21, 21 -> 22, 21;
32, 21 -> 32, 32;
22, 22 -> 23, 22;
32, 22 -> 32, 32;
23, 23 -> 24, 23;
32, 23 -> 32, 32;
24, 24 -> 25, 24;
32, 24 -> 32, 32;
25, 25 -> 26, 25;
32, 25 -> 32, 32;
26, 26 -> 27, 26;
32, 26 -> 32, 32;
27, 27 -> 28, 27;
32, 27 -> 32, 32;
28, 28 -> 29, 28;
32, 28 -> 32, 32;
29, 29 -> 30, 29;
32, 29 -> 32, 32;
30, 30 -> 31, 30;
32, 30 -> 32, 32;
31, 31 -> 32, 31;
32, 31 -> 32, 32;